1709669676.0310705
1708698028.7118616
1709304437.6217296
1713166384.0760877
1711984896.0021045
1702582069.2144144
1709306940.4869037
1709508130.9723327
1706051911.018
1709411661.0384963
1705731104.1334426
1712069590.9661605
1709669834.043481
1709669934.0346284
1709669675.8472536
1709669835.4689982
1709669834.0414913
1709669675.8906431
1709669675.9201825
1709669675.9330378
1709669675.9340317
1709669675.9340317
1709669675.9637444
1709669675.9642706
1709669675.9652798
1709669675.991095
1709669675.9920697
1709669676.000083
1709669676.007095
1709669676.013069
1709669676.0170834
1709669676.0180714
1709669835.4689982
1709669835.4680004
1709669934.0596318
1709669824.1663492
1709669773.3945918
1709669763.7175214
1709669749.5527701
1709669784.3566568
1709669754.1591532
1709669764.724316
1709669775.5495212
1709669755.1620636
1709669816.3057444
1709669803.5958927
1709669772.2612154
1709669755.6008284
1709669816.9934094
1709669833.4912713
1709669755.7237856
1709669794.187554
1709669768.0732746
1709669807.7502463
1709669826.9831834
1709669779.818324
1709669780.8418612
1709669805.0160236
1709669758.1997914
1709669764.5154395
1709669772.373444
1709669782.8053694
1709669804.2368336
1709669788.7078323
1709669767.5511568
1709669775.3214738
1709669749.4148712
1709669751.4533875
1709669764.2151809
1709669800.4080467
1709669747.6593382
1709669806.3137453
1709669767.03698
1709669780.5759368
1709669831.4076824
1709669784.1844282
1709669793.5861797
1709669815.3511908
1709669783.9132404
1709669766.5555768
1709669755.361535
1709669768.7947502
1709669762.8387518
1709669791.9335608
1709669830.482941
1709669826.883034
1709669776.3424318
1709669760.6172347
1709669788.879733
1709669804.8481894
1709669820.574117
1709669767.5213382
1709669832.1714633
1709669803.4290383
1709669785.4524715
1709669817.3033397
1709669755.2573142
1709669802.0064409
1709669805.7639098
1709669812.2643752
1709669749.8829818
1709669822.7417002
1709669824.5423968
1709669790.4678774
1709669759.719122
1709669820.890864
1709669754.3583908
1709669827.2021098
1709669770.0320745
1709669783.7121143
1709669792.266525
1709669800.9221084
1709669772.741812
1709669789.2898307
1709669809.0172818
1709669780.3493574
1709669762.0811405
1709669777.2663434
1709669767.166818
1709669819.55777
1709669753.8118854
1709669834.240221
1709669756.2216358
1709669773.8649366
1709669808.000607
1709669790.1437433
1709669767.8003154
1709669778.7102163
1709669747.7861125
1709669810.6187856
1709669791.3586645
1709669760.3643253
1709669777.5366957
1709669825.475387
1709669829.8911808
1709669775.8555226
1709669796.0870745
1709669756.981233
1709669803.2181413
1709669751.0786061
1709669795.4441423
1709669797.60455
1709669777.8753228
1709669807.3100755
1709669783.5691142
1709669756.2805998
1709669820.2990332
1709669772.5882475
1709669824.724582
1709669761.7985098
1709669755.4143884
1709669755.4849954
1709669791.1340601
1709669818.55615
1709669767.3898933
1709669803.162141
1709669753.117643
1709669807.592568
1709669784.0746236
1709669770.2682183
1709669790.5679603
1709669823.3998902
1709669823.5989308
1709669779.214114
1709669762.8863666
1709669773.58039
1709669814.2346506
1709669756.3439069
1709669784.3064294
1709669819.0825765
1709669777.051586
1709669763.0404134
1709669759.2528846
1709669797.0937195
1709669799.1702263
1709669757.233206
1709669756.47325
1709669826.0329695
1709669767.9277928
1709669763.370126
1709669780.9370964
1709669771.5184388
1709669770.375327
1709669765.6278102
1709669823.1246955
1709669807.8170683
1709669828.0473125
1709669829.3328924
1709669784.1244178
1709669764.4399343
1709669825.0839539
1709669821.6791627
1709669823.1495032
1709669774.8593922
1709669768.87622
1709669755.6501906
1709669766.0375614
1709669812.1780696
1709669763.6346965
1709669752.516426
1709669825.2748246
1709669750.5451972
1709669754.6024106
1709669752.7984498
1709669811.3910913
1709669780.4730392
1709669829.140512
1709669820.660347
1709669789.1999552
1709669783.7971108
1709669809.5258038
1709669822.4614437
1709669783.871652
1709669763.1313646
1709669790.2702773
1709669756.062676
1709669762.354187
1709669775.2005045
1709669794.333032
1709669757.8983593
1709669767.3622248
1709669776.9262383
1709669821.0352855
1709669758.1552255
1709669790.1939428
1709669749.0110452
1709669789.8333888
1709669823.6497211
1709669750.0022018
1709669813.5216393
1709669768.2387016
1709669820.7334335
1709669780.0088382
1709669758.7106643
1709669749.3145075
1709669805.8580463
1709669822.3330493
1709669822.0173948
1709669760.3196526
1709669831.9832277
1709669770.3202238
1709669789.4232793
1709669802.972998
1709669792.74929
1709669760.5592043
1709669756.7306378
1709669793.1656048
1709669761.0978742
1709669833.1559582
1709669806.0928829
1709669768.8344948
1709669789.4731162
1709669817.1177754
1709669751.1602898
1709669822.8579915
1709669768.5393794
1709669757.10104
1709669794.7599428
1709669759.5529385
1709669755.2043178
1709669771.7348952
1709669819.3601627
1709669807.4215047
1709669767.585379
1709669799.978443
1709669801.305985
1709669823.4997146
1709669804.4427485
1709669810.9267492
1709669773.1888545
1709669825.8165133
1709669756.0982697
1709669770.1115167
1709669757.9361873
1709669766.2641635
1709669769.528576
1709669801.6245503
1709669779.962889
1709669820.7966063
1709669808.9907115
1709669822.6400158
1709669801.3722615
1709669780.7205977
1709669750.3727686
1709669763.4712458
1709669798.6770778
1709669781.1305902
1709669765.4963174
1709669775.7706065
1709669782.0344062
1709669801.890136
1709669796.2780447
1709669823.1748083
1709669784.6750958
1709669802.1334908
1709669804.279837
1709669804.7800837
1709669823.9911618
1709669747.2562394
1709669810.17985
1709669792.035955
1709669799.6989653
1709669765.8809164
1709669806.1752517
1709669771.2651887
1709669776.3997512
1709669792.1399126
1709669759.3604178
1709669789.7653391
1709669767.905319
1709669763.9059432
1709669832.5908244
1709669823.3744566
1709669822.1479077
1709669780.108395
1709669813.3508961
1709669770.439483
1709669798.9520116
1709669832.7916112
1709669821.8670187
1709669822.8834176
1709669828.2251277
1709669775.4595091
1709669764.1575131
1709669753.4532368
1709669818.1202295
1709669751.661968
1709669820.2390676
1709669806.3972287
1709669755.1285121
1709669828.41607
1709669774.3856516
1709669750.9979675
1709669748.5411856
1709669758.3377607
1709669807.1816332
1709669783.8392124
1709669817.9174058
1709669780.0469117
1709669756.7701626
1709669809.982155
1709669807.2579956
1709669828.9905145
1709669766.930936
1709669784.4333482
1709669823.8071387
1709669782.8588219
1709669756.3146996
1709669765.269692
1709669811.2757983
1709669808.1217473
1709669787.4673922
1709669793.8549514
1709669782.7993314
1709669775.0505052
1709669783.1432626
1709669807.058963
1709669793.938154
1709669820.9860995
1709669800.670318
1709669830.9740195
1709669766.7194402
1709669770.168542
1709669756.545129
1709669822.238243
1709669763.682752
1709669766.831511
1709669795.52079
1709669785.0955112
1709669800.0914314
1709669772.8589847
1709669781.045044
1709669760.8446617
1709669805.4172206
1709669754.00326
1709669761.210728
1709669824.9330897
1709669747.450306
1709669826.6670606
1709669751.851895
1709669760.9448497
1709669764.847837
1709669793.4418147
1709669811.9903133
1709669772.0938177
1709669801.575288
1709669802.7692132
1709669779.8559809
1709669793.028668
1709669820.0345466
1709669830.8496642
1709669754.8925793
1709669778.8177507
1709669782.9547448
1709669819.2495787
1709669761.6005287
1709669768.4135723
1709669748.2644005
1709669752.9153848
1709669809.2689335
1709669818.4173546
1709669801.8453727
1709669806.31276
1709669791.6711938
1709669779.4218
1709669796.6535077
1709669779.587909
1709669754.0633895
1709669820.5029316
1709669801.9740722
1709669769.3592114
1709669823.0244007
1709669797.3272617
1709669776.6937723
1709669761.1543524
1709669816.6964004
1709669803.9730048
1709669792.320923
1709669769.9746728
1709669822.8329794
1709669754.1120317
1709669822.9915433
1709669754.2887168
1709669789.9102385
1709669796.966928
1709669769.1019497
1709669812.7233975
1709669763.5222523
1709669762.6918314
1709669763.3150182
1709669828.2251277
1709669767.6182337
1709669760.5052881
1709669816.821494
1709669759.9274614
1709669784.2324264
1709669752.003109
1709669828.2261288
1709669771.9405274
1709669824.4100327
1709669769.7326472
1709669800.0374305
1709669793.249381
1709669792.565497
1709669761.6909513
1709669804.5633488
1709669763.771932
1709669782.8145833
1709669795.0364559
1709669818.2357483
1709669763.423545
1709669779.116104
1709669813.9351957
1709669764.4675722
1709669776.7539194
1709669806.7194436
1709669800.557611
1709669757.4615462
1709669756.6039696
1709669782.1488729
1709669758.4205
1709669830.2913194
1709669821.131225
1709669771.6597724
1709669758.066168
1709669762.8024518
1709669780.9872043
1709669747.159499
1709669762.625474
1709669794.4340973
1709669769.681726
1709669782.7369552
1709669801.5244975
1709669774.5196102
1709669765.1253376
1709669814.7696157
1709669782.3689923
1709669767.195682
1709669761.9166353
1709669782.8348281
1709669778.2873778
1709669775.694475
1709669823.2991672
1709669756.513057
1709669803.1123185
1709669821.6359572
1709669764.6766531
1709669833.717268
1709669776.2081766
1709669831.1578853
1709669823.5243423
1709669766.1137486
1709669795.2767828
1709669823.9156022
1709669817.398539
1709669812.8928797
1709669792.684203
1709669765.0025134
1709669782.6443465
1709669778.3719275
1709669766.3133962
1709669811.7857258
1709669784.8150516
1709669766.5058303
1709669814.4733362
1709669799.468875
1709669748.0065703
1709669756.8549292
1709669780.8881166
1709669802.427654
1709669823.9660838
1709669799.9104424
1709669765.5819137
1709669787.1853552
1709669762.500137
1709669820.9389632
1709669783.243802
1709669794.7188966
1709669784.0162675
1709669771.4149992
1709669767.1035202
1709669774.0928824
1709669782.2847838
1709669799.3935456
1709669826.4472268
1709669781.3239863
1709669817.813334
1709669756.8130023
1709669783.0190177
1709669800.282051
1709669793.7301567
1709669832.275079
1709669816.2047536
1709669815.78794
1709669781.2537763
1709669806.5458188
1709669782.4841115
1709669762.304128
1709669769.0261168
1709669751.5574598
1709669757.8494322
1709669755.753145
1709669829.6828556
1709669798.1205974
1709669799.613594
1709669752.4538276
1709669783.6731117
1709669786.7112947
1709669749.7855122
1709669813.0211768
1709669770.7852883
1709669812.6090443
1709669789.5261621
1709669823.624545
1709669821.176445
1709669825.6167395
1709669768.9948192
1709669782.4273536
1709669812.4274426
1709669801.201213
1709669765.035317
1709669757.0543904
1709669783.344887
1709669766.0661633
1709669800.2374282
1709669815.0581949
1709669781.1843238
1709669826.2263813
1709669794.9111638
1709669762.0559318
1709669810.7422407
1709669774.709828
1709669782.798297
1709669753.488753
1709669810.1586077
1709669816.5566306
1709669752.6375756
1709669823.8335595
1709669758.111303
1709669752.8528485
1709669820.1743388
1709669830.6581721
1709669771.186272
1709669765.0765417
1709669759.0581942
1709669809.8616223
1709669767.321664
1709669757.0221393
1709669769.8326278
1709669758.8789072
1709669769.2102447
1709669801.6740675
1709669813.707759
1709669823.3324564
1709669769.7753522
1709669795.8591301
1709669766.363589
1709669761.8615665
1709669822.6659799
1709669801.9274056
1709669782.8228257
1709669821.4976897
1709669802.6589384
1709669805.3521237
1709669833.31654
1709669821.2179992
1709669760.1723385
1709669820.4383714
1709669817.5307999
1709669800.6183007
1709669800.8549685
1709669795.7654655
1709669750.2340386
1709669808.2518375
1709669823.6760004
1709669782.800341
1709669784.5630515
1709669796.3902688
1709669791.7774355
1709669764.558215
1709669822.9663413
1709669802.2339933
1709669832.4503498
1709669763.9829957
1709669831.2330327
1709669801.7284563
1709669822.384381
1709669799.235888
1709669752.3082218
1709669822.20553
1709669773.0489492
1709669761.3856335
1709669759.409354
1709669752.1888247
1709669821.7111695
1709669803.8113687
1709669819.8644006
1709669818.7664087
1709669769.4464023
1709669762.4381876
1709669776.0055
1709669782.8063405
1709669831.7501915
1709669762.125311
1709669800.7121515
1709669782.7953293
1709669765.3390553
1709669829.4835758
1709669827.4419386
1709669764.2672987
1709669831.631802
1709669817.6274927
1709669763.1720848
1709669773.452254
1709669794.094995
1709669788.2695615
1709669808.747968
1709669818.9953532
1709669783.3957658
1709669833.7932694
1709669828.7848337
1709669807.8596141
1709669752.5729527
1709669797.934306
1709669777.6682577
1709669774.206885
1709669754.9312296
1709669763.9487393
1709669771.3202026
1709669782.8126063
1709669819.6685975
1709669807.5248017
1709669808.4446726
1709669785.1861916
1709669811.6028514
1709669778.61404
1709669808.6331577
1709669781.4294376
1709669828.5580866
1709669764.2988665
1709669806.887881
1709669762.1754477
1709669823.775466
1709669789.6016703
1709669769.3039312
1709669822.7037177
1709669754.406253
1709669770.0720031
1709669810.395359
1709669782.5732324
1709669802.8739998
1709669787.9733138
1709669768.7574615
1709669790.7546556
1709669809.7812388
1709669823.9406092
1709669821.409053
1709669763.0653536
1709669757.7692125
1709669752.9618113
1709669759.9949052
1709669767.753937
1709669778.078172
1709669805.234838
1709669773.779993
1709669815.2811153
1709669802.9239974
1709669804.0765493
1709669798.7375817
1709669824.1160862
1709669791.4432504
1709669770.703609
1709669767.8654234
1709669769.2711911
1709669771.0162847
1709669823.4744875
1709669765.84692
1709669811.0247326
1709669813.239369
1709669753.7110755
1709669753.1831634
1709669800.3340702
1709669762.9221668
1709669758.6221225
1709669796.5632899
1709669830.0805361
1709669765.7720342
1709669762.3878994
1709669758.4750636
1709669798.3192945
1709669790.8907726
1709669759.7801745
1709669774.2658472
1709669769.067617
1709669758.3878944
1709669815.9987466
1709669795.1764545
1709669835.4680004
1709669934.0366607
1705681382.4983363
1704275698.77
1705082745.464
1705698018.6361282
1705697915.297
1674415188.0
1674410867.0
1673834618.0
1673862408.0
1673927284.0
1673992625.0
1674175648.0
1674175750.0
1674175897.0
1674186677.0
1674247172.0
1674247181.0
1674249831.0
1674279532.0
1674410867.0
1674448218.0
1674728847.0
1674796629.0
1675335820.0
1675533817.0
1677432786.10341
1677797877.0383568
1672697034.6862571
1684434640.9588315
1672700180.1566873
1682438137.2864225
1672697661.7683742
1672608359.618472
1672694829.2186952
1672608310.9988766
1676991028.8603969
1676399027.8739707
1682253215.6132052
1672694886.0103178
1674893290.0346243
1677698732.0
1677363550.3511963
1677796215.332452
1676845031.649682
1677016024.5673296
1676584019.8427906
1678909532.1004796
1676673215.730959
1682453826.054119
1672608439.632231
1676673371.4926424
1676398137.9223862
1677434532.4189332
1677698802.0
1677803141.6911147
1677804002.6989188
1677803558.5880277
1672698270.5037603
1700315178.7772284
1676398612.711963
1680218897.5233912
1677370938.8388853
1701464295.8737304
1683251310.342792
1683251302.5261273
1683251306.5401368
1683251270.3195956
1683251315.6416788
1683251298.7321565
1683251122.147466
1683251118.3027446
1683251111.0800557
1683251099.0280893
1683251127.3635206
1683251131.7049148
1683251103.7394946
1686838754.870322
1686838750.43363
1686838746.9327142
1686838740.4433126
1686838743.957893
1683255114.7534027
1683255262.3269298
1683255258.562003
1683255119.1766353
1683255266.23569
1683255251.1448457
1683255255.0538747
1683255269.6293306
1683252356.2565405
1678825089.1667826
1678825096.7547138
1678825101.2389092
1678825106.1734798
1678825110.445152
1678825120.2442808
1678825126.6114156
1678825132.65513
1678825287.1094236
1678825293.9864175
1678825298.5758402
1678825303.4796152
1678825308.1266992
1678825312.9075181
1678825318.4408348
1678825323.8657005
1678835371.917365
1678835380.150742
1678835387.77531
1678835393.4699829
1678835397.1110823
1678835400.9260416
1678828354.1271582
1678828357.9474244
1678828378.701442
1678828374.772474
1678828383.94141
1678828387.2482064
1678828948.778011
1678828073.57706
1678828081.881919
1678828085.2963896
1678828090.1795573
1678828094.3306422
1678828097.8172815
1678828101.5090096
1678828104.946204
1683254715.7187643
1683254721.8277044
1683254719.0296078
1683254725.0847757
1683254728.089742
1683255424.2347386
1683255439.1789525
1683255427.429241
1683255429.9013011
1683255442.5401917
1683255436.017574
1683255432.3273525
1683255446.1550324
1686838413.3839738
1686838423.1986587
1686838415.735402
1686838419.7719686
1686838426.7088737
1686839319.5339737
1686839322.638973
1686839332.3572257
1686839325.229973
1686839349.4031248
1686839344.7621677
1686839329.1741872
1686839356.0784585
1686839341.7641687
1686839352.6208363
1691365613.9519393
1691365610.7040784
1691365621.762944
1691365617.4102337
1691365607.604158
1691365604.93948
1691365705.440832
1691365720.8632972
1691365713.5408008
1691365717.4871867
1691365724.4316313
1691365709.946488
1691365702.2221162
1691365727.7577865
1691365905.0378678
1691365917.8694735
1691365901.8742428
1691365914.7856493
1691365895.511555
1691365911.6583035
1691365892.852767
1691365908.3405092
1691365898.5383847
1691366083.615464
1691366087.541488
1691366075.473461
1691366071.6275005
1691366079.3304627
1686838680.1981015
1686838701.6482618
1686838694.3189259
1686838676.8125396
1686838687.3136268
1686838698.127184
1686838671.0004263
1686838673.9282389
1686838691.4104524
1691365799.68706
1691365788.1510544
1691365791.116154
1691365802.839691
1691365810.335878
1691365806.19828
1678831135.7645373
1678830723.3221757
1678830727.419858
1678830732.083367
1678830735.94507
1678830739.6382253
1678830743.6347814
1678830748.1288228
1678830752.6819077
1683251008.828721
1683251000.6159813
1683251016.1483269
1683251012.2183628
1683251004.7200687
1683251021.1693833
1683251029.4641232
1683250996.1839182
1683251024.766174
1686838878.9750688
1686838873.4265845
1686838876.0695884
1686838881.6110673
1686838870.837581
1684656178.3709197
1684656142.9510803
1684656146.7135668
1684656136.2500844
1684656151.9459927
1678831097.623455
1678831102.2437096
1678831115.9013925
1678831120.352631
1678831125.289405
1686838812.0928338
1686838823.3160048
1686838820.0358088
1686838829.3577774
1686838809.1327362
1686838826.369259
1686838817.4532535
1686838814.715885
1691365561.6466472
1691365557.8657198
1691365534.0902908
1691365551.5882955
1691365545.7635682
1691365548.4808588
1691365554.5988617
1691365538.739619
1691365542.3724318
1686839251.0183032
1686839241.4773011
1686839254.3363018
1686839248.0102978
1686839261.0343015
1686839257.3783007
1686839244.3323073
1678824739.4027038
1678824747.0091338
1678824779.1487079
1678824782.6693556
1678824785.8339703
1678824788.8905196
1678824792.6564035
1683254526.6309538
1683254533.1966662
1683254540.0710735
1683254529.8948474
1683254523.4306858
1683254536.8733244
1683255369.7078376
1683255357.6886437
1683255366.0675857
1683255360.7322943
1683255376.2502568
1683255372.5073605
1686838535.961668
1686838530.244817
1686838532.912817
1686838539.0448227
1686838541.7058573
1686838544.550518
1686839132.4083965
1686839116.19136
1686839113.210049
1686839123.192312
1686839144.52673
1686839136.5500894
1686839140.6750584
1686839129.1845129
1686839126.3841178
1686839119.3165746
1691365672.189535
1691365668.7645373
1691365675.590175
1691365662.0915394
1691365664.9985356
1691366007.1364124
1691366021.0884106
1691366013.8005996
1691366010.223102
1691365957.5885558
1691366017.3363183
1686838594.3079867
1686838605.2405224
1686838581.4092586
1686838575.4837615
1686838578.644614
1686838598.7410853
1686838590.9583902
1686838584.4092805
1686838601.7495925
1686838608.9420433
1683250270.3801765
1683250279.1802251
1683250254.07192
1683250247.9222054
1683249080.029144
1683249076.2160878
1678830624.875783
1678830631.1958199
1678830635.2907333
1678830639.764475
1678830789.585293
1678830653.199851
1678830657.9412744
1678830673.3783085
1683252851.9590206
1683252858.8230433
1683252855.4320335
1683252869.0397427
1683252865.9559126
1683252848.6758492
1683252862.2628098
1683252516.7526488
1683252529.3985648
1683252547.7266874
1683252536.0555222
1683252543.7654607
1683252539.9976375
1683252532.634394
1684656299.0713418
1684656280.0100713
1684656302.8457823
1684656286.8425539
1684656283.94637
1684656295.1022396
1684656276.294006
1684656290.4042132
1686839000.2928464
1686839003.9832473
1686838996.2788522
1686838987.0319972
1686839006.8674304
1686838993.2518466
1686838990.267856
1704280704.6973658
1704280722.429707
1704280726.1259181
1704280700.6736784
1704280713.6405394
1704280719.4095244
1704280716.3974695
1704280927.7955978
1704280920.8890686
1704280957.4851553
1704280931.2642946
1704280952.118627
1704280915.2671351
1704280918.3527393
1704280912.634886
1704280955.057516
1704282222.1188602
1704282227.5277798
1704282217.0566185
1704282233.4665723
1704282230.2686813
1704282219.6804128
1704282224.6899874
1704282236.226968
1704282367.7881212
1704282350.5377567
1704282347.5487554
1704282361.8011787
1704282371.7020898
1704282356.449221
1704282364.9081583
1704282353.6218264
1704282359.1253855
1704282496.3697875
1704282484.5026765
1704282492.8355765
1704282490.1466026
1704282479.602972
1704282487.1139417
1704282482.2284575
1686838919.9321811
1686838927.656639
1686838914.3477685
1686838934.7588215
1686838930.6001368
1686838916.9591808
1686838923.9473183
1686838910.8821075
1678828172.476316
1678828176.9159472
1678828181.0069523
1678828185.2162824
1678828189.699671
1678828193.69784
1678828198.5370686
1678828202.6476412
1678828506.127041
1678828526.4259276
1678828531.7388542
1678828537.4618473
1678828931.4310267
1678828937.800084
1678828943.9746346
1678828949.494602
1678828953.848176
1678829005.7889137
1678829015.135637
1678829088.0103655
1678829116.8905466
1678829121.364591
1678829125.931115
1683254371.6484392
1683254387.0844698
1683254390.537503
1683254367.5709047
1683254375.6892822
1683254383.2569947
1683254360.5536685
1683254363.7348776
1683254379.4260557
1683253029.4857266
1684656030.1920972
1684656025.4106145
1684656021.747176
1684656017.2625594
1684656040.1692235
1684656011.8390048
1684656034.5415835
1684656094.9124682
1684656091.1797628
1684656098.7638588
1686839204.288141
1686839181.9338956
1686839194.13785
1686839191.205972
1686839200.4565759
1686839188.0568914
1686839197.2639863
1686839184.9088943
1686839178.5098968
1686839411.5587213
1686839408.4012876
1686839405.545846
1686839402.7928452
1686839418.4412422
1686839397.8488421
1686839415.2177267
1686839441.3018868
1686839438.4983695
1686839444.4205358
1691366131.990101
1691366138.1405685
1691366128.38654
1691366124.8710787
1683252939.1075523
1683252924.3014753
1683252928.3485832
1683252931.8283527
1683252935.9106004
1686838473.4068592
1686838497.7765174
1686838480.3047876
1686838476.8003109
1686838493.2936447
1686838489.3640351
1686838469.2754498
1686838483.8488834
1704229664.011367
1704239408.3340716
1704229595.713206
1704237644.0313737
1704237631.8651588
1704237640.420485
1704237650.2585325
1704237654.1066613
1704237647.335594
1704237637.7725227
1704281886.3792577
1704281889.1659338
1704281883.923553
1704281876.09321
1704281894.8676589
1704281880.9502485
1704281897.6842575
1704281878.592516
1704281891.6945064
1704282552.7403653
1704282568.5643618
1704282562.0228221
1704282556.0144718
1704282565.1397047
1704282559.073224
1704282572.096679
1686839061.3930357
1686839058.2804847
1686839076.3401368
1686839069.5366144
1686839072.2845838
1686839055.7463436
1686839063.8717396
1686839066.589224
1712316563.461872
1701470125.1572287
1684592803.5140028
1695780567.0052643
1695780797.857041
1695780925.0561185
1695780922.3411295
1697914618.5073175
1697914832.3252301
1697915071.9621842
1697915224.298822
1697915716.0459652
1685265430.4239576
1697915862.2697916
1699720465.071578
1697915928.7344928
1697915950.7776036
1699721109.1295424
1699721791.5065634
1699721886.3841836
1699722070.6634789
1701464620.5869594
1701552695.3471448
1685901414.2937794
1701553781.5305362
1701554125.645047
1701554275.4139893
1701554636.3696404
1702055179.0417871
1686007195.8739958
1702668102.616186
1703113896.6000957
1703867673.5754735
1703114065.994835
1686007796.5243976
1704068744.6468809
1704275738.7372043
1704275880.8222675
1704276001.2529585
1705019586.4825335
1705019928.374977
1705548541.2873113
1705548613.4211473
1705548649.250615
1686845367.9789805
1705725671.8590147
1705949668.0661464
1705729124.01421
1705729420.463592
1706812110.205433
1694387901.150831
1706812522.728852
1707223977.4278908
1707223999.6457272
1707486859.620718
1708294394.8330338
1709124819.1639864
1694431619.3461683
1709331975.157188
1710345409.4316323
1709332015.813524
1712389121.4372654
1712391548.9519515
1712392735.137593
1695738793.2199278
1703867781.7403686
1713250960.6100993
1711984328.95991
1701553701.467638
1701560122.6189847
1701560334.9606957
1701560775.683527
1702055694.5996013
1702055774.3775325
1702595518.198347
1702652776.0784
1702668225.1004474
1703112542.808651
1703772207.158549
1703775288.5029786
1703775348.6894977
1703876096.6093652
1705948735.843399
1705019106.6783628
1705019506.8544405
1705725763.7863955
1705729090.491645
1705730246.51589
1706276974.5911274
1706360031.562538
1706812219.2936907
1706812443.0332146
1707223186.7341344
1707223271.0482116
1709124416.5016115
1709124400.4640725
1709124983.6566985
1710415947.394041
1711899069.383068
1712389075.1286888
1712493126.7140365
1702670166.2517762
1703112594.3285925
1703113048.6043959
1674416328.0
1685998089.4171495
1686000448.6171591
1686000905.7600698
1685992742.958156
1684439645.2729669
1684440200.0853653
1685997589.4927235
1686007190.8435638
1686007282.431218
1685998774.9729133
1701470125.1572287
1703770808.7619739
1684592803.5140028
1695780567.0052643
1695780797.857041
1695780925.0561185
1695780922.3411295
1697914618.5073175
1697914832.3252301
1697915071.9621842
1697915224.298822
1697915716.0459652
1685265430.4239576
1697915862.2697916
1699720465.071578
1697915928.7344928
1697915950.7776036
1699721109.1295424
1699721791.5065634
1699721886.3841836
1699722070.6634789
1701464620.5869594
1701552695.3471448
1685901414.2937794
1701553781.5305362
1701554125.645047
1701554275.4139893
1701554636.3696404
1702055179.0417871
1686007195.8739958
1702668102.616186
1703113896.6000957
1703867673.5754735
1703114065.994835
1686007796.5243976
1704068744.6468809
1704275738.7372043
1704275880.8222675
1704276001.2529585
1705019586.4825335
1705019928.374977
1705548541.2873113
1705548613.4211473
1705548649.250615
1686845367.9789805
1705725671.8590147
1705949668.0661464
1705729124.01421
1705729420.463592
1706812110.205433
1694387901.150831
1706812522.728852
1707223977.4278908
1707223999.6457272
1707486859.620718
1708294394.8330338
1709124819.1639864
1694431619.3461683
1709331975.157188
1710345409.4316323
1709332015.813524
1695738793.2199278
1703867781.7403686
1711984328.95991
1701553701.467638
1701560122.6189847
1701560334.9606957
1701560775.683527
1702055694.5996013
1702055774.3775325
1702595518.198347
1702652776.0784
1702668225.1004474
1703112542.808651
1703772207.158549
1703775288.5029786
1703775348.6894977
1703876096.6093652
1705948735.843399
1705019106.6783628
1705019506.8544405
1705725763.7863955
1705729090.491645
1705730246.51589
1706276974.5911274
1706360031.562538
1706812219.2936907
1706812443.0332146
1707223186.7341344
1707223271.0482116
1709124416.5016115
1709124400.4640725
1709124983.6566985
1710415947.394041
1711899069.383068
1712009624.3525617
1702670166.2517762
1703112594.3285925
1703113048.6043959
1674416328.0
1685998089.4171495
1686000448.6171591
1686000905.7600698
1685992742.958156
1684439645.2729669
1684440200.0853653
1685997589.4927235
1686007190.8435638
1686007282.431218
1685998774.9729133
